484 849.7009 619.8089 172.6134 440.8639 c2s1_159941
493 893.8511 329.0180 107.6636 292.2296 c4s3_026629
495 574.4525 552.1631 83.9741 177.2786 c2s1_157566
504 527.2824 322.6095 71.7757 202.5100 c4s3_025379
537 677.0875 582.4870 142.2894 384.8812 c2s2_012212
559 1411.6615 303.3838 94.8465 284.5394 c4s3_037479
596 1818.9626 550.0955 82.9749 255.6884 c2s2_036262
601 414.1727 109.8091 61.5273 168.8727 c6s2_050518
607 1250.9104 596.4827 88.6393 172.6134 c2s2_060532
617 1034.8391 440.5267 276.8491 635.7276 c4s3_063104
640 598.7545 81.0091 48.4364 138.7636 c6s2_077843
647 4.3451 387.9766 64.0854 233.2710 c4s4_020410
662 588.9557 78.8797 37.6709 114.2278 c6s2_057368
696 538.5364 67.9182 51.0545 134.8364 c6s2_069918
703 507.5380 223.4873 209.0127 352.4051 c6s2_072743
707 729.6304 335.7174 101.7391 219.1304 c5s2_127849
713 612.2391 353.9783 49.5652 127.8261 c5s2_083202
735 875.7174 338.3261 52.1739 161.7391 c5s2_104727
751 440.0652 361.8043 49.5652 140.8696 c5s2_105577
755 815.7174 346.1522 65.2174 193.0435 c5s2_123749
776 98.5994 314.2365 90.9719 298.5745 c3s2_107603
778 1393.1998 398.2106 186.6091 622.8078 c1s4_047481
828 905.6836 451.8607 116.6307 277.5810 c1s4_050856
832 1332.5518 419.2041 139.9568 382.5486 c1s4_053261
848 1495.8348 514.8413 279.9136 559.8272 c1s4_055586
862 240.8888 503.1782 83.9741 186.6091 c1s4_060111
863 952.3359 412.2063 41.9870 79.3089 c3s2_117519
871 1253.2430 426.2019 123.6285 317.2354 c3s2_119569
902 1437.5194 414.5389 67.6458 221.5983 c3s2_125219
906 1314.5259 409.4588 52.9104 190.1515 c3s2_125794
